Matrix F (Final Accumulation) (1 x  256 ):
 [  43.  123.  101.   31.   -2.  113. -113.  106.  -92.   39. -125.   22.
  -26.   98.   27.  -33.  -34.   22.  -76.  110.   42.   94.   33.  121.
 -126.  125.  -20.  -86.   15.   20.   78. -110.   -8.  -66.  -14. -126.
  -24. -111.   20.   -7.  -14.  125.   95.  124.  120.  123. -115.  -42.
 -100.   35. -106.  -94.  -25.   12.  -86.  -75.  -35.   66.  121.   68.
  -81.  -38.  -55.   -8. -107. -124. -126.   38.   92.   44.  -90.   18.
  -32.   87.    2.  -41.   49.   -2.   52. -126.  -46.  -37.  -27.  -34.
  -22.   21.  -31.   53. -110.  -93.   40.  -17.  -56.   92.  -26.  112.
  -34.  -13.  111.   83. -121.  -10.  -48.  127.   25.   -4.  100.   86.
  -35.  -81.  -29.  -32.    1.  -90.  -99.  -32.    1.  123.  -38.   59.
   26.   14.  111.    3.   30. -124.   31.  -27.  -90. -119.   47.    2.
 -118.   69.   10.  120.   64.  -32.  101. -110.  -74.   -2. -106. -124.
   70.   38.   18.  -72.    7.  116.  -62.  -68. -101.  -57.  -93.  -87.
 -111. -100.   94.  119.   17. -123.   91. -117.  -11.  112.   28.   95.
  -45.  -93.  -86. -126.   14.  121.   60.   34. -110. -117.  -46.  100.
   39.  -18.   39.   60.   31.    6.    1.   17.   23.   51.   -8.  -89.
   64.    3.  -51.   94.  122.  126. -115.   40.  -90.  -56.  -21.  -57.
    0.   93.  -69.  -32.   25.   46.   74.  110.  -87.   86.  -59.   98.
  -10.    5.  101.  -94. -128.   40.   46.  -93.  -24.  -50.   68.   66.
 -128.  -86. -112.   46.   81.  114.   73.  -89.  -15.  -46.   -3.  -97.
   29.    1.  108.   38.   12.   93.  -68.  117.  -63.  -30.   69.  -25.
   69.  120. -113.  -19.]